     -3.2852567      -0.0003014      -0.0001189       1.6426284      -0.0001468      -0.0000580       1.6426284      -0.0001468      -0.0000580
     -0.0003014       8.6774880       0.0005492      -0.0001518      -4.3387440       4.2669633      -0.0001518      -4.3387440      -4.2664137
     -0.0001189       0.0005492       2.9418398      -0.0000571       4.0455399      -1.4709199      -0.0000571      -4.0449953      -1.4709199
      1.6426284      -0.0001518      -0.0000571      -1.6747884      -0.0001508      -0.0000549       0.0321600      -0.0000004      -0.0000008
     -0.0001468      -4.3387440       4.0455399      -0.0001508       4.3951626      -4.1557034      -0.0000004      -0.0564185       0.1107111
     -0.0000580       4.2669633      -1.4709199      -0.0000549      -4.1557034       1.4035671      -0.0000008      -0.1107123       0.0673528
      1.6426284      -0.0001518      -0.0000571       0.0321600      -0.0000004      -0.0000008      -1.6747884      -0.0001508      -0.0000549
     -0.0001468      -4.3387440      -4.0449953      -0.0000004      -0.0564185      -0.1107123      -0.0001508       4.3951626       4.1562471
     -0.0000580      -4.2664137      -1.4709199      -0.0000008       0.1107111       0.0673528      -0.0000549       4.1562471       1.4035671
