      0.0880289      -0.0000043      -0.0000034      -0.0440144      -0.0000021      -0.0000018      -0.0440145      -0.0000021      -0.0000017
     -0.0000043       0.3106016       0.0000103      -0.0000025      -0.1553008       0.0793897      -0.0000025      -0.1553009      -0.0793799
     -0.0000034       0.0000103       0.2811683      -0.0000016       0.0347269      -0.1405841      -0.0000017      -0.0347177      -0.1405841
     -0.0440144      -0.0000025      -0.0000016       0.0501267      -0.0000024      -0.0000014      -0.0061122      -0.0000004      -0.0000005
     -0.0000021      -0.1553008       0.0347269      -0.0000024       0.1680360      -0.0570486      -0.0000005      -0.0127352       0.0223309
     -0.0000018       0.0793897      -0.1405841      -0.0000014      -0.0570486       0.1267217      -0.0000005      -0.0223319       0.0138624
     -0.0440145      -0.0000025      -0.0000017      -0.0061122      -0.0000005      -0.0000005       0.0501267      -0.0000024      -0.0000014
     -0.0000021      -0.1553009      -0.0347177      -0.0000004      -0.0127352      -0.0223319      -0.0000024       0.1680361       0.0570581
     -0.0000017      -0.0793799      -0.1405841      -0.0000005       0.0223309       0.0138624      -0.0000014       0.0570581       0.1267217
