8.811072569869793369e+00 -1.554295293544782908e+01 -1.404966117661388125e+01 -2.507461973664248944e+00 -8.409184894730969972e+00 -6.333054825518047437e+00 -2.507462040739483200e+00 -8.409184914626166574e+00 -6.333054797664772195e+00
-1.554295293544782908e+01 3.108590587089565815e+01 -1.404966117718231544e+01 -2.507461973664248944e+00 -8.409184895299404161e+00 -6.333054825518047437e+00 -2.507462040739483200e+00 -8.409184914626166574e+00 -6.333054798233206384e+00
-1.404966117661388125e+01 -1.404966117718231544e+01 2.809932235322776251e+01 -2.507461973664248944e+00 -8.409184895299404161e+00 -6.333054825518047437e+00 -2.507462040739483200e+00 -8.409184914626166574e+00 -6.333054798233206384e+00
-2.507461973664248944e+00 -2.507461973664248944e+00 -2.507461973664248944e+00 5.014923947328497889e+00 -8.409184894730969972e+00 -6.333054825518047437e+00 -2.507462040739483200e+00 -8.409184914626166574e+00 -6.333054797664772195e+00
-8.409184894730969972e+00 -8.409184895299404161e+00 -8.409184895299404161e+00 -8.409184894730969972e+00 1.681836978946193994e+01 -6.333054825518047437e+00 -2.507462040739483200e+00 -8.409184914626166574e+00 -6.333054797664772195e+00
-6.333054825518047437e+00 -6.333054825518047437e+00 -6.333054825518047437e+00 -6.333054825518047437e+00 -6.333054825518047437e+00 1.266610965103609487e+01 -2.507462040739483200e+00 -8.409184914626166574e+00 -6.333054797664772195e+00
-2.507462040739483200e+00 -2.507462040739483200e+00 -2.507462040739483200e+00 -2.507462040739483200e+00 -2.507462040739483200e+00 -2.507462040739483200e+00 5.014924081478966400e+00 -8.409184914626166574e+00 -6.333054797664772195e+00
-8.409184914626166574e+00 -8.409184914626166574e+00 -8.409184914626166574e+00 -8.409184914626166574e+00 -8.409184914626166574e+00 -8.409184914626166574e+00 -8.409184914626166574e+00 1.681836982925233315e+01 -6.333054797096338007e+00
-6.333054797664772195e+00 -6.333054798233206384e+00 -6.333054798233206384e+00 -6.333054797664772195e+00 -6.333054797664772195e+00 -6.333054797664772195e+00 -6.333054797664772195e+00 -6.333054797096338007e+00 1.266610959532954439e+01
