8.802794127404922619e-02 -3.964260031352750957e-06 -2.938236320915166289e-06 -4.401387911912024720e-02 -1.563194018672220409e-06 -1.214175426866859198e-06 -4.401406215492897900e-02 -1.680291461525484920e-06 -1.219291334564331919e-06
-3.964260031352750957e-06 3.106007693531864788e-01 1.074113242793828249e-05 -1.994067133637145162e-06 -1.553003255594376242e-01 7.939012220958829857e-02 -2.055458026006817818e-06 -1.553004324250650825e-01 -7.937948566905106418e-02
-2.938236320915166289e-06 1.074113242793828249e-05 2.811672959524003090e-01 -1.051034814736340195e-06 3.472745675026089884e-02 -1.405835826062684646e-01 -1.118678483180701733e-06 -3.471727609394292813e-02 -1.405835877221761621e-01
-4.401387911912024720e-02 -1.994067133637145162e-06 -1.051034814736340195e-06 5.012569999962579459e-02 -1.815578798414207995e-06 -8.441247700829990208e-07 -6.111820880505547393e-03 4.661160346586257219e-08 5.456968210637569427e-08
-1.563194018672220409e-06 -1.553003255594376242e-01 3.472745675026089884e-02 -1.815578798414207995e-06 1.680350305832689628e-01 -5.704810746465227567e-02 -2.046363078989088535e-08 -1.273478346774936654e-02 2.233140207863471005e-02
-1.214175426866859198e-06 7.939012220958829857e-02 -1.405835826062684646e-01 -8.441247700829990208e-07 -5.704810746465227567e-02 1.267206732791237300e-01 5.229594535194337368e-08 -2.233144300589628983e-02 1.386298379202344222e-02
-4.401406215492897900e-02 -2.055458026006817818e-06 -1.118678483180701733e-06 -6.111820880505547393e-03 -2.046363078989088535e-08 5.229594535194337368e-08 5.012588303543452639e-02 -1.992930265259929001e-06 -9.890754881780594587e-07
-1.680291461525484920e-06 -1.553004324250650825e-01 -3.471727609394292813e-02 4.661160346586257219e-08 -1.273478346774936654e-02 -2.233144300589628983e-02 -1.992930265259929001e-06 1.680351579125272110e-01 5.705860871785262134e-02
-1.219291334564331919e-06 -7.937948566905106418e-02 -1.405835877221761621e-01 5.456968210637569427e-08 2.233140207863471005e-02 1.386298379202344222e-02 -9.890754881780594587e-07 5.705860871785262134e-02 1.267206857846758794e-01
