import numpy as np

F = np.array(
[[8.204, -0.154149, -0.0285, 0.0162635, -0.003, 0.0075],
 [-0.154149, 4.66, 0.583363, -0.011, -0.154149, 0.583363],
 [-0.0285, 0.583363, 0.952, 0.0339411, 0.0075, 0.083],
 [0.0162635, -0.011, 0.0339411, 0.031, 0.0162635, 0.0339411],
 [-0.003, -0.154149, 0.0075, 0.0162635, 8.204, -0.0285],
 [0.0075, 0.583363, 0.083, 0.0339411, -0.0285, 0.952]]
)
