0.553925417090E+00 -.694135263026E-02 -.228898075779E-02 0.244417601347E-03 0.139727704089E-02 0.186942119882E-02
-.694135263026E-02 0.312945580616E+00 0.716853690793E-01 -.694135263026E-02 0.716853690793E-01 -.143550863833E-02
-.228898075779E-02 0.716853690793E-01 0.271591712360E+00 0.139727704089E-02 0.223733701149E-01 0.908900500082E-02
0.244417601347E-03 -.694135263026E-02 0.139727704089E-02 0.553925417090E+00 -.228898075779E-02 0.186942119882E-02
0.139727704089E-02 0.716853690793E-01 0.223733701149E-01 -.228898075779E-02 0.271591712360E+00 0.908900500082E-02
0.186942119882E-02 -.143550863833E-02 0.908900500082E-02 0.186942119882E-02 0.908900500082E-02 0.221574208485E-01
