   0.088028043023769   -0.000004043556601   -0.000002976605629   -0.044013979163537   -0.000001649311798   -0.000001359410362   -0.044014064712883   -0.000001791136128   -0.000001334115041
  -0.000004043556601    0.310600766511016    0.000010717826626   -0.000002007141120   -0.155300379560686    0.079390092651010   -0.000001990088094   -0.155300369044653   -0.079379426267678
  -0.000002976605629    0.000010717826626    0.281167405660199   -0.000001179500941    0.034727370632481   -0.140583758820867   -0.000001211901690   -0.034717169228315   -0.140583675829475
  -0.044013979163537   -0.000002007141120   -0.000001179500941    0.050125768211728   -0.000001841158337   -0.000000962359081   -0.006111791890362    0.000000027569058    0.000000005684342
  -0.000001649311798   -0.155300379560686    0.034727370632481   -0.000001841158337    0.168035143133238   -0.057048171413498   -0.000000026147973   -0.012734763004119    0.022331342677262
  -0.000001359410362    0.079390092651010   -0.140583758820867   -0.000000962359081   -0.057048171413498    0.126720848356854   -0.000000061390892   -0.022331470574954    0.013862866978798
  -0.044014064712883   -0.000001990088094   -0.000001211901690   -0.006111791890362   -0.000000026147973   -0.000000061390892    0.050125853476857   -0.000001950013484   -0.000001033697572
  -0.000001791136128   -0.155300369044653   -0.034717169228315    0.000000027569058   -0.012734763004119   -0.022331470574954   -0.000001950013484    0.168035168144343    0.057058583422531
  -0.000001334115041   -0.079379426267678   -0.140583675829475    0.000000005684342    0.022331342677262    0.013862866978798   -0.000001033697572    0.057058583422531    0.126720846083117
