   0.088028036770993   -0.000004039861778   -0.000002971205504   -0.044013974616064   -0.000001647038061   -0.000001357420842   -0.044014062439146   -0.000001789146609   -0.000001330420218
  -0.000004039861778    0.310600755710766    0.000010723226751   -0.000001999751476   -0.155300373592127    0.079390097766918   -0.000001985540621   -0.155300364497180   -0.079379421151771
  -0.000002971205504    0.000010723226751    0.281167393723081   -0.000001171827080    0.034727376601040   -0.140583753989176   -0.000001206217348   -0.034717163828191   -0.140583669576699
  -0.044013974616064   -0.000001999751476   -0.000001171827080    0.050125757411479   -0.000001834621344   -0.000000957243174   -0.006111781942764    0.000000032684966    0.000000009947598
  -0.000001647038061   -0.155300373592127    0.034727376601040   -0.000001834621344    0.168035132901423   -0.057048166297591   -0.000000022453150   -0.012734757888211    0.022331349214255
  -0.000001357420842    0.079390097766918   -0.140583753989176   -0.000000957243174   -0.057048166297591    0.126720839261907   -0.000000056274985   -0.022331466027481    0.013862872094705
  -0.044014062439146   -0.000001985540621   -0.000001206217348   -0.006111781942764   -0.000000022453150   -0.000000056274985    0.050125844950344   -0.000001946034445   -0.000001028297447
  -0.000001789146609   -0.155300364497180   -0.034717163828191    0.000000032684966   -0.012734757888211   -0.022331466027481   -0.000001946034445    0.168035159617830    0.057058587117353
  -0.000001330420218   -0.079379421151771   -0.140583669576699    0.000000009947598    0.022331349214255    0.013862872094705   -0.000001028297447    0.057058587117353    0.126720836988170
