0.0880357549704	-4.04497768614e-06	-3.02975422528e-06	-0.0440179121597	-1.91846538655e-06	-1.36594735523e-06	-0.0440178456529	-1.85536919162e-06	-1.34150468512e-06
-4.04497768614e-06	0.310626562623	1.08519770947e-05	-1.99861460715e-06	-0.155284167249	0.0793967296886	-1.88038029592e-06	-0.155284229777	-0.0793858771431
-3.02975422528e-06	1.08519770947e-05	0.281191091744	-1.17211129691e-06	0.0347239489429	-0.140595594189	-1.20962795336e-06	-0.0347136290202	-0.140595498124
-0.0440179121597	-1.99861460715e-06	-1.17211129691e-06	0.0501301633449	-2.01225702767e-06	-9.39053279581e-07	-0.00611225686953	3.01270119962e-08	1.0629719327e-07
-1.91846538655e-06	-0.155284167249	0.0347239489429	-2.01225702767e-06	0.16082364823	-0.0570422707824	2.27373675443e-08	-0.0127311955112	0.0223289350743
-1.36594735523e-06	0.0793967296886	-0.140595594189	-9.39053279581e-07	-0.0570422707824	0.126731528098	-6.25277607469e-09	-0.0223291806378	0.0138640632485
-0.0440178456529	-1.88038029592e-06	-1.20962795336e-06	-0.00611225686953	2.27373675443e-08	-6.25277607469e-09	0.0501300985434	-1.92756033357e-06	-9.09494701773e-07
-1.85536919162e-06	-0.155284229777	-0.0347136290202	3.01270119962e-08	-0.0127311955112	-0.0223291806378	-1.92756033357e-06	0.160823620945	0.0570527885202
-1.34150468512e-06	-0.0793858771431	-0.140595498124	1.0629719327e-07	0.0223289350743	0.0138640632485	-9.09494701773e-07	0.0570527885202	0.126731431465
