    0.0880284   -0.0000039   -0.0000031   -0.0440143   -0.0000019   -0.0000014   -0.0440141   -0.0000019   -0.0000015
   -0.0000039    0.3106006    0.0000109   -0.0000021   -0.1553003    0.0793902   -0.0000020   -0.1553003   -0.0793793
   -0.0000031    0.0000109    0.2811675   -0.0000013    0.0347271   -0.1405837   -0.0000013   -0.0347173   -0.1405838
   -0.0440143   -0.0000021   -0.0000013    0.0501262   -0.0000022   -0.0000010   -0.0061119   -0.0000002   -0.0000002
   -0.0000019   -0.1553003    0.0347271   -0.0000022    0.1680354   -0.0570482   -0.0000001   -0.0127352    0.0223312
   -0.0000014    0.0793902   -0.1405837   -0.0000010   -0.0570482    0.1267208   -0.0000000   -0.0223315    0.0138628
   -0.0440141   -0.0000020   -0.0000013   -0.0061119   -0.0000001   -0.0000000    0.0501260   -0.0000021   -0.0000011
   -0.0000019   -0.1553003   -0.0347173   -0.0000002   -0.0127352   -0.0223315   -0.0000021    0.1680355    0.0570584
   -0.0000015   -0.0793793   -0.1405838   -0.0000002    0.0223312    0.0138628   -0.0000011    0.0570584    0.1267210
