3.143612207168189343e-01 -5.014783255319343880e-05 -3.880074928019894287e-05 -1.571806336642112001e-01 -2.294484602316515520e-05 -1.662954218772938475e-05 -1.571805870526077342e-01 -2.291415057698031887e-05 -1.661476289882557467e-05
-5.014783255319343880e-05 1.109202436282430426e+00 1.376952241116669029e-04 -2.576086899352958426e-05 -5.546012795321075828e-01 2.836103169556736248e-01 -2.570970991655485705e-05 -5.546012289414647967e-01 -2.834731839129744912e-01
-3.880074928019894287e-05 1.376952241116669029e-04 1.004052459165905020e+00 -1.512773906142683700e-05 1.241166506815716275e-01 -5.020262153720977949e-01 -1.511864411440910771e-05 -1.239881123638042482e-01 -5.020262136667952291e-01
-1.571806336642112001e-01 -2.576086899352958426e-05 -1.512773906142683700e-05 1.790045723737421213e-01 -2.553406375227496028e-05 -1.295177298743510619e-05 -2.182393870953092119e-02 -6.110667527536861598e-07 -4.843059286940842867e-07
-2.294484602316515520e-05 -5.546012795321075828e-01 1.241166506815716275e-01 -2.553406375227496028e-05 6.000803909955720883e-01 -2.037295638501745998e-01 -5.474021236295811832e-07 -4.547914784325257642e-02 7.974475181526941014e-02
-1.662954218772938475e-05 2.836103169556736248e-01 -5.020262153720977949e-01 -1.295177298743510619e-05 -2.037295638501745998e-01 4.525234942320821574e-01 -4.598632585839368403e-07 -7.974771108365530381e-02 4.950276832005329197e-02
-1.571805870526077342e-01 -2.570970991655485705e-05 -1.511864411440910771e-05 -2.182393870953092119e-02 -5.474021236295811832e-07 -4.598632585839368403e-07 1.790045257621386554e-01 -2.554259026510408148e-05 -1.285854978050338104e-05
-2.291415057698031887e-05 -5.546012289414647967e-01 -1.239881123638042482e-01 -6.110667527536861598e-07 -4.547914784325257642e-02 -7.974771108365530381e-02 -2.554259026510408148e-05 6.000803261940745870e-01 2.038601093090619543e-01
-1.661476289882557467e-05 -2.834731839129744912e-01 -5.020262136667952291e-01 -4.843059286940842867e-07 7.974475181526941014e-02 4.950276832005329197e-02 -1.285854978050338104e-05 2.038601093090619543e-01 4.525234339780581649e-01
