    0.0587355   -0.0000052   -0.0000043   -0.0293678   -0.0000023   -0.0000018   -0.0293677   -0.0000023   -0.0000018
   -0.0000052    0.5127739    0.0000109   -0.0000028   -0.2563869    0.1619422   -0.0000028   -0.2563869   -0.1619309
   -0.0000043    0.0000109    0.4324450   -0.0000016    0.0777714   -0.2162225   -0.0000016   -0.0777613   -0.2162225
   -0.0293678   -0.0000028   -0.0000016    0.0423479   -0.0000027   -0.0000013   -0.0129801   -0.0000000   -0.0000001
   -0.0000023   -0.2563869    0.0777714   -0.0000027    0.2645459   -0.1198460   -0.0000000   -0.0081589    0.0420848
   -0.0000018    0.1619422   -0.2162225   -0.0000013   -0.1198460    0.1935271   -0.0000001   -0.0420853    0.0226954
   -0.0293677   -0.0000028   -0.0000016   -0.0129801   -0.0000000   -0.0000001    0.0423478   -0.0000027   -0.0000013
   -0.0000023   -0.2563869   -0.0777613   -0.0000000   -0.0081589   -0.0420853   -0.0000027    0.2645459    0.1198570
   -0.0000018   -0.1619309   -0.2162225   -0.0000001    0.0420848    0.0226954   -0.0000013    0.1198570    0.1935271
